472 Ι INDEX.¹

8110011 1011 8 88. 8010110111 8110101 1011. G 420.
amun 8100101 10116 428. 100011001011011. 1 42, 8 856.
811011 101110 Mt. lob. 2 74. 1001 10114 486. 521, 8481 7 521,
811101811010010117 891. 68, 600, 614, 638. ,
101110001001. 4 48. 8001111 1. Sapientia 1011101 01100111
1011010 0011111 10118 158. 00110110· coniux 1011. praes. 28, ded. 34,
1114188. 191 56, 65, 210, 291; 247,169,
1001 11111 1011. 2 404, 7 862. 171, 198, 8110 8 71 011481 4
Scy 101. 1 218 188 01 280. 0101 61112 72, 1001·
8001111001 0111 81011188. scythiae 01004264.
1101011008 75. 800111Ιοί 001010 8001111010 00100 10114 287.
127,11110101(728. 8 0010018101. 85.
100101000101010 10001001 1001. 2 841. 100600 timidis 8101. 4 86.
10111111000110111 10114 107. 100010101011 8 869.
8001101 Latinus 10114 507. specialiter 1001 ded 87. 2 58
1001101 1001. 1 16, 94, 1561 2 177, 1000101 unguentaque 1011. 824
20027828118701218ς4180 000111010114106. ’
01288. spumeus 01001 1011. 5 728, 0000101
10010110112 29901801. 001101 1701
mmm 81111181181111211
. 01.
101101011011. 1 472, 4 8. stephanides v. 1011000018 huniam.
aomtrix 10112 64. Stephanus 11011001 1011 6 .
80110110111172. 81001001 Mamm 108. 5 788
81111110 Maurus 101. 2 47. 8101101 Latinus 101)οΙ111 1011 0 805 et
81011110 0110 101. 1 210.“ 4580 4 80, 49, 81,180,161,168,
81110100 Μ10101 10114 914. 177, 184, 206, 219, 429.
11001001 101. 1 76, 2 252, 8 216. 81001100001001011 7 616, 0111110 1
81111101 Maurus 10114 687. 401, 6 275.
810001100111011. 6 228, 011116 195. 8001111110 111001011οο 4 861.
81000100 01001 819. Sidonii 01· 1011110101 1011. 01001, a
11018 280, 6 68. subaudiant 100. 6 742.
810000 001100 1011. 1 178. 1000001010 1011. 1 80, 828, 880, 887,
signacula 1000111 111112 800. 426, 4481 2 611 8 186, 400, 4610
“ antia aequora 011. 7 2115. 4275. 476, 10181 771.
01110011 00 ,11010112 58. 800001 8100101101 7 61001616
111101000010 011. 11011. 1. 800101 Μο01011011 7 604.
81110010 000. Ast. 1002 52 80101110 11100101 1011 4684
Silvaizan 000. Mt. 10112 62. 8011001011. 8 890.
8111011111011001 1011. 6497. 80101001 Latinus 1011 5 640, 7 611.
811100100 000. 411. 1011. 2 66. Summus Μο010110117 405. ¹
81011010001111011.4 681. 0000010001101100011011. 1 189.
81011μο 11100014 968. 000010100110010 1111001011. 4 198.
8111001011. 4 28. supera-istm 1011 4 4811
81000101 1011011011. 4 18 10001100ὼο1 1011. 6 848
8101010 11110101 10114 844. 1110011101 1001111110 111004 18
1111010 000111 10112 229, 8207, 4 1011100101 0 01100010101011.1 148.
28, 5 481. 801101 1011. 4 644 01 819, 5 19101
samm 11101 1011. prad. 11, 1 218
175. Syrticus 101. 4 672, 915, 11060 5
101 1101111010οι 1011 8 192. 10111 197, 447, 564, 6891 6 289 018511
1101001101Ρο1101001011111·.80. 7601.
10118001 vestigia 0110001 10116 265. 010011101101 4 928
101110 10112 279, 4 288. Το0001101100011011011. 7 808
1011001011. 1 1819012711 2 87,175, 'fasma 0100101 1011. 6 481.
802, 8 198 01 281, 4 114 ’10100100 01101011 2 79.

 

