1116871. 467

16616166166,6972,6947. 16 11661451, 9944888,
16 11611 661111 166 7 276 16611611 148 61150 61 86971611ῐί611
666666616541,1661 1661661661- 7908.
96666166661410171,666166ιιι-16666161277,166.129661916
6191119 ¹⁹¹¹* '⁰¹¹¹ 69916... 6.
Inachides ,16161664 6016666166666116 166. 4 646166.
1666611611661 vitalibus Μιι. 49. 16111ιὶ66661 166. 116 61 24, 4686.
166666161661161166. 7 257. 116661- 6166 debita 1661. 2862, 166611
,(016 65504 2256194,1666161ιι1ι660,1ιίιι1-
16 6666 66192. 66619129.
, 1611661611611611915. 16611ιὶ66616 ιιι 166. 6145, Just. 1
61666161662 96 . 9561 &norun 6661661611
’1194111914 1116111ιιιιιιι11166911 ἆ dutlungun 111 616666166464261911.
604. hubba 6161111166 7 672
1666111161]661611666 6661616 6η- 66616666 latebrae 1664 666
66616617796616161166661- 666111166611111611. 2 294
ntro 66616 gerunt 11611 2 199 1666616166. 9998 61426.
..1971911799 9979191199
ι6616ικ1611251.6666161661661611666426.
1616161116111616112 94616666 6666611161. c 90.
6166611666666 mnu 166. 4 795, 7 Langobardi 16116661 12.
99916666ιὶ1 16166111 116161 4 unguenta cohors 166 449.
765,69.1ιι1611161661161681.666666 ορ..41ι..166114461
119. 467,91641;485,1,1,1629797915
1666611661666116661166161. cdd 5166, 6595, 7494, 474, 5011.
16666661166661166. 5669. 1661166 166. 9164.
161616166166.9969.1.6616ι 66161166. 4952.
“ 1666616611616661166. 5 642. Laomedontiadas 166 4950.
insessor Libyes 6161. C 24. lar 66166661 Mer. 1 7.
insolite 166. 2 482. larg ιιι Latinus 166. 4 ⁸43.
0 666 6 6
16666661 1161161665 5201811494. 66116116 66. 5 516 617 67.
16666661Ριίι661166.414,96,109, Latius 166. 1 79, 5844, 6108ς
106, 1501616882. 717, 269, 264.
16666666166161166.4 516. lati 6666111661. 9 140. ludunum
16666666 816 6661661 166. 6 2491661 679.
161616611 9, 2146. 16666116μ661662 27.
11166 Μιιιιιι 166. 7 489 latratus 166. 1 214 4 86161 965.
haguuMauruslodd 862, 6889. 616611166116161166 4754.
11166116661666661 1461 866, Scy 1661661166611666166120.
1616619 900. letifer 1665 54561 699, 7 586.
1166 6166166166 4 991. Leucade 166 9 294.
16661166. 4255, 461, 696. 11142 Ιοιιιί166ιιι161664204, 111116
9461292, 88061185, 496. 910.
166661 hi· 616166 6616161664 262, 6161161 lust. 8 42
1666661 dominis 1611666 reguum 11616166666111666109.
lust. 2 2. Liberatus 666611661166.947,4641,
iugules 1666 465. 6975 61472. 61. 16616661 816-
Iugurtha Maurus 166. 7 549. ida
16161166119461199.1.116.1611 1281166 1124141,
1666696ἑ6661119661221, ,569061 ἐξὶωέπέὠθὲᾟὲδθῗᾶξ

 

