181 INDEX.

'’¹31“ 99711119 ffiffltiffim
1171195971999919119190, 81921169, amm„
176176161138. 16611116 1616661661166611.
66661666666616111526666667166666 166118112θῖ9. 116-
61666611616116166616611666101·
mmmmm 1179 16166616668666281 bonon
611083. 1666 8 221. 61611616 16666111
1939116111116 399 1911911999 '⁸' ·
66616666 66 66 61661
9919616661νί6 6166661166. 1 3. mem& 91916399. 9 999
616612888,1661.1251,8166611666611661166.056.
885, 1166111891, 1661161161661-11199961661666661616116.
6161011. 16616661616191, 7161.
(161661116616612113. 1166612 383161.

616666 666616 166τ 5176, 611661 116116666666166661661118.
53161326611166161.

6611866611 16611 289. 119 rumenam 16 61666 66666166
06616666θηὶ 166ἓῖ 161. 7 871. 7166818 216. 99999911666161 qn 161. 5
9 οἴῃ ⁸ 0
... 1616116166
1111111111191111119 11391133911111999
mummolum& Ι16666161661611188.
enar-tia· 1166666 161. 1 168. 161611 161. 1 166.

66661611 luat. 1 56 1111166666 1166666161. 6 136.

mh 1116166 6616616186661 legdffigunltoerex, 4163716116ζέ
(1696619616 666116 161. 877. (1666- 667,1018,1138,11955,1168.

16166166661168, 1661161652, 1661612957.

629661522. 16616161166666161.1515611101,
(1666166 Mantua 16161 612. 6 215 et 272, 7 125 et 815.
(1166166161 Vandalus 161. 812811 1166166 111666691617 391.

222Η2101869126 1166666666611616121181611,
Gurubi 61661666 161 2 56 7 19099 et 618.

1166111 1666161. 2109 11105,1 1661166161. 5188, 7806.

6836111315111766161619.19661661611216311.
166661661669. 1661661616328.

16161..2112 11666661611811.
1166116616. 66161661617 189, lunt. Ἢ 16ι01164661413177484ᾶξ2ἐξΞ
1161666816613211.195,238137151,162
flector 161. 61661. 8. 7 580 619617.
116616166166161611185116616- 11166661661661611110. .
6666 66161661 179. 1666166 666116. 1612 76.
Herculeae 11666 161. 6378, Herculei 16161166 1166666161. 7 180.
16666118 158, 5210. 1616661661 3 291.
11111666161661.12296,1868.16- 1666666161521616666166611ἥ,
616616611215,16161161.1 962067276117.
158.111666616661666666616661161661166
1666616161 6661661661. 6120. 6106

1911111996699999116161919191991961919939 1959639219. 915619696959911696616659599 75. 999 99 99999

111666166861166616118. 1661666166616116666611 ·

 

