484 INDEX·

1666616166.2287,”6661161661.Ι 1616168186, pati 1666668288,
216, 16616116 1662 101. 6111661666ωὸ 896. turrae
666666666666661614 22. ’ 6616666 21. ’
666616666616111661. 66666666666116616612298. 666·-
6666666166. 6 98. 66166 8 160.
condomanam 1653 4296, 640, 011qu 16612 866.
100910841 668817266 1661 eunius Maurorum prin 166. 8
2820, 81666117461209. 401461061109616268468,
66666111. 6666111668266. 6666- 6171 6246 612646 7122266,
fluxim 766. » 871, 429, 468, 476.
misera 666166616618 172, 611162 06116 6166661667 668.
822 cymbia· 1611. 8 196.
connumeranda 16618 148. 0161616166. 2 418, 7 279.
66666111666116166.4 864, 5 509, 7 Cypria (166 1661. 8 92
421. 116661 166. 6 806.
66661616τί6 16618 212. (16616166 1616166616612 865.
6666616166 renovat lustinus 16612 Danuvius er. 0 1.
86241. 1)66666τ66166.177.
66616616 66616 166 4 774. (16666616 160.
6661661161 16162 64 6188 61249, 8 deceptor 166. 5 149.
129, 41040, 6222. (16116616614804.
contremuere tonantem 16164 800. 06116166. 1 469.
6666661661 horrea 166. 6 288. Demetrius 1661 1 27.
convolvere 166. 1 880, 860, 446; 4 1166161666 1661 180.
711. deservire 1661 8 216.
06666166 61661664 940. (1661166 teme 166. 8 48, 16611 18.
eurippi libri 1661 praef. 86. devia 166. 2 477, 8 218 61 4231 4
eorm& 1661646. 289. 41141, 6029211149, 610, 6860, 7
6 , 7 6466169961624. 671.
6666661661 1 87, 166, 867. (166161 666166 166. 4 774.
16 4(16 m 666 divitum vulgus 16111 ῧ66666ἆ1686118ἢ66430
. exer um 6. .
66166661 166. 2 427, 6666. 6616· (116161 coniungere 166. 4 466, par-
666664469,628, 1661499. 66162”294,66666116162246,166·
66666666 1664266 61476, 6681, derel 844
2289. 16118 18161227. 4871. 6666661. 2 119.
waburna· 66666166616612 104. 916666166661166. 616618.
3:3ss ffsshoegngosr 16631ο 4 888. 11616πὲ6466 rectorum 16111 orbis 1666
· 0 . 6
6666616166( 1664 844. (1166661166 66166 1661. 2 284, libem·
1166666166. 1 201. 1161666666 4 6.
6161616 from Mer. C 41. dispositu 166. 4 695, 16611 188.
1166111161· .”’””” ’6111116
. . 616661. .oe (6666 6.
6661666166616666166616612106. 16612 ,2888761 8826. ’
6166661166( 791. 6166116 origo 16611 42, 661164 227.
(1611666166166166. 4 961. divalia 166162 84.
culmen rerum imperium 1661 1 1. divinus 666661661. 147, 661618 8),
cum voce 6116166166. 6 116, 1666166 prinae 62 882. divini 661611 198
2886. 612 , pedm 187. divinanda

” 6616661611 16111 187, 2286. 8284, 66668184, 6661162116.

6666166616166.4 706, 728 760, 867. (1616666166166166. 1 166 611661.
6666 curret· pro 6666116 1 186. 1168, 1668146.(111“666616(164
per 66116 66666118 468. nepe 286, palm 1186.
cucurri 4 862. sermone cucurri (11(66666116116618 127. diva w
61- 6661166614 841. 666111666- gum 147, prmum&

 

